NA	WM_1_(5000_SEQS) NAGAWATTMRTN
PO	A	C	G	T
01	0.269326985508788	0.2327167150393537	0.27057941244277595	0.22737688700908232
02	0.6185456211625792	0.37512367949080205	0.00011153349336461165	0.0062191658532543435
03	0.0018603212717738956	0.07647882448242709	0.8936068986644284	0.02805395558137051
04	0.6553499463102282	0.25263899392869765	0.008587127567122928	0.08342393219395118
05	0.4581151637330369	0.0072905865917578545	0.0034010086442586916	0.5311932410309466
06	0.6931310898782348	0.16777720626323758	0.0011613808091024702	0.13793032304942507
07	0.2590282816287541	0.08123533644572528	4.556877331019142e-09	0.6597363773686432
08	0.22215809094752806	0.005612438799641215	9.299248350159108e-08	0.7722293772603472
09	0.45221402630939606	0.4909108360383654	0.043311613947873875	0.01356352370436475
10	0.4070497512208338	0.013709325162578098	0.5632954048975847	0.01594551871900335
11	0.016199089407430815	1.3344779609011305e-13	0.12861751228192161	0.855183398310514
12	0.2655216500296158	0.1972531239879617	0.2595431920481555	0.2776820339342668
//
